0,0,64
64,69,1
65,71,1
66,72,1
67,74,1
68,76,2
70,81,2
72,80,2
74,76,2
76,71,2
78,74,2
80,73,2
82,69,2
84,79,6
90,78,1
91,76,1
92,78,2
94,74,2
96,71,2
98,74,2
100,77,2
102,69,2
104,68,2
106,76,2
108,69,2
110,74,2
112,72,4
116,71,4
120,69,1
121,68,1
122,69,1
123,71,1
124,72,1
125,74,1
126,76,1
127,77,1
128,79,2
130,67,2
132,79,6
138,76,2
140,69,2
142,79,2
144,77,1
145,76,1
146,74,1
147,76,1
148,77,1
149,76,1
150,77,1
151,79,1
152,81,9
161,79,1
162,78,1
163,76,1
164,78,1
165,74,1
166,76,1
167,78,1
168,79,9
177,77,1
178,76,1
179,77,1
180,79,1
181,81,1
182,82,1
183,79,1
184,81,1
185,82,1
186,81,1
187,79,1
188,77,1
189,76,1
190,74,1
191,73,1
192,74,2
194,86,4
198,85,2
200,86,6
206,77,2
208,76,2
210,81,2
212,69,6
218,74,1
219,76,1
220,78,1
221,79,1
222,81,1
223,78,1
224,79,2
226,74,1
227,72,1
228,74,1
229,71,1
230,72,1
231,74,1
232,67,2
234,72,2
236,79,6
242,78,1
243,79,1
244,81,2
246,72,4
250,70,1
251,72,1
252,74,2
254,81,4
258,79,4
262,77,4
266,76,1
267,74,1
268,73,1
269,74,1
270,71,1
271,73,1
272,74,1
273,76,1
274,77,1
275,79,1
276,81,2
278,86,2
280,85,2
282,81,2
284,76,2
286,79,2
288,78,2
290,74,2
292,84,6
298,83,1
299,81,1
300,83,2
302,79,2
304,76,2
306,79,2
308,82,2
310,74,2
312,73,2
314,81,2
316,74,2
318,79,2
320,77,4
324,76,4
328,74,2
330,72,1
331,70,1
332,69,1
333,67,1
334,65,1
335,64,1
336,65,2
338,81,2
340,64,2
342,79,2
344,62,1
345,79,1
346,77,1
347,76,1
348,74,1
349,72,1
350,70,1
351,69,1
352,70,2
354,86,2
356,69,2
358,84,2
360,67,1
361,84,1
362,82,1
363,81,1
364,79,1
365,77,1
366,76,1
367,74,1
368,76,1
369,82,1
370,81,1
371,79,1
372,81,1
373,76,1
374,74,1
375,73,1
376,74,1
377,81,1
378,79,1
379,77,1
380,79,1
381,74,1
382,73,1
383,71,1
384,73,1
385,79,1
386,77,1
387,76,1
388,77,1
389,76,1
390,74,1
391,77,1
392,76,1
393,74,1
394,73,1
395,71,1
396,69,5
401,65,1
402,62,1
403,65,1
404,67,1
405,64,1
406,61,1
407,64,1
408,65,2
410,62,2
412,74,5
417,70,1
418,67,1
419,70,1
420,72,1
421,69,1
422,66,1
423,69,1
424,70,2
426,67,2
428,82,5
433,67,1
434,65,1
435,64,1
436,65,2
438,81,3
441,65,1
442,64,1
443,62,1
444,64,2
446,79,3
449,64,1
450,62,1
451,61,1
452,62,2
454,74,3
457,77,1
458,76,1
459,74,1
460,76,1
461,79,1
462,77,1
463,76,1
464,77,1
465,69,1
466,71,1
467,73,1
468,74,1
469,76,1
470,77,1
471,74,1
472,67,1
473,74,1
474,77,3
477,74,1
478,71,1
479,67,1
480,76,1
481,67,1
482,69,1
483,71,1
484,72,1
485,74,1
486,76,1
487,72,1
488,65,1
489,72,1
490,75,3
493,72,1
494,69,1
495,65,1
496,74,2
498,77,2
500,79,2
502,74,2
504,76,2
506,79,2
508,81,2
510,76,2
512,77,1
513,79,1
514,77,1
515,76,1
516,74,1
517,72,1
518,70,1
519,69,1
520,67,1
521,81,1
522,79,1
523,77,1
524,76,1
525,74,1
526,72,1
527,70,1
528,69,2
530,77,1
531,79,1
532,81,2
534,65,3
537,64,1
538,62,1
539,60,1
540,59,2
542,71,4
546,76,1
547,77,1
548,79,2
550,64,3
553,62,1
554,61,1
555,59,1
556,57,2
558,69,3
561,74,1
562,77,1
563,81,1
564,86,1
565,81,1
566,77,1
567,74,1
568,69,1
569,72,1
570,76,1
571,81,1
572,84,1
573,81,1
574,76,1
575,72,1
576,69,1
577,71,1
578,74,1
579,77,1
580,83,1
581,77,1
582,74,1
583,69,1
584,68,1
585,71,1
586,74,1
587,76,1
588,83,2
590,0,63
653,62,1
654,60,1
655,59,1
656,60,2
658,76,2
660,59,2
662,74,2
664,57,1
665,74,1
666,72,1
667,71,1
668,69,1
669,67,1
670,65,1
671,64,1
672,65,2
674,81,2
676,64,2
678,79,2
680,62,1
681,79,1
682,77,1
683,76,1
684,74,1
685,72,1
686,71,1
687,69,1
688,71,1
689,77,1
690,76,1
691,74,1
692,76,1
693,71,1
694,69,1
695,68,1
696,69,1
697,76,1
698,74,1
699,72,1
700,74,1
701,69,1
702,68,1
703,66,1
704,68,1
705,74,1
706,72,1
707,71,1
708,72,1
709,71,1
710,69,1
711,72,1
712,71,1
713,69,1
714,68,1
715,66,1
716,64,4
720,69,1
721,71,1
722,72,1
723,74,1
724,76,2
726,81,2
728,80,2
730,76,2
732,71,2
734,74,2
736,73,2
738,69,2
740,79,6
746,78,1
747,76,1
748,78,2
750,74,2
752,71,2
754,74,2
756,77,2
758,69,2
760,68,2
762,76,2
764,69,2
766,74,2
768,72,4
772,71,4
776,69,5
781,65,1
782,64,1
783,62,1
784,60,2
786,69,2
788,62,2
790,71,2
792,60,2
794,69,2
796,59,2
798,68,2
800,60,2
802,69,2
804,64,2
806,71,2
808,72,2
810,69,3
813,79,1
814,77,1
815,76,1
816,74,1
817,77,1
818,81,1
819,86,1
820,76,1
821,79,1
822,81,1
823,85,1
824,86,1
825,81,1
826,77,1
827,74,1
828,73,1
829,76,1
830,79,1
831,81,1
832,74,1
833,77,1
834,81,1
835,86,1
836,76,1
837,79,1
838,81,1
839,85,1
840,86,1
841,81,1
842,77,1
843,74,1
844,62,1
845,64,1
846,65,1
847,62,1
848,64,1
849,62,1
850,64,1
851,65,1
852,64,1
853,66,1
854,67,1
855,64,1
856,66,1
857,64,1
858,66,1
859,67,1
860,66,1
861,67,1
862,69,1
863,66,1
864,67,2
866,74,4
870,82,2
872,81,1
873,79,1
874,78,1
875,76,1
876,78,1
877,74,1
878,76,1
879,78,1
880,79,9
889,77,1
890,79,1
891,81,1
892,79,1
893,82,1
894,81,1
895,79,1
896,81,9
905,79,1
906,78,1
907,76,1
908,74,1
909,72,1
910,70,1
911,69,1
912,70,3
915,72,1
916,69,3
919,67,1
920,67,1
921,79,1
922,78,1
923,76,1
924,74,1
925,72,1
926,70,1
927,69,1
928,67,1
929,70,1
930,74,1
931,79,1
932,69,1
933,72,1
934,74,1
935,78,1
936,79,1
937,74,1
938,70,1
939,67,1
940,66,1
941,69,1
942,72,1
943,74,1
944,67,1
945,70,1
946,74,1
947,79,1
948,69,1
949,72,1
950,74,1
951,78,1
952,79,1
953,74,1
954,70,1
955,67,1
956,55,1
957,68,1
958,67,1
959,65,1
960,63,2
962,72,2
964,65,2
966,74,2
968,63,2
970,72,2
972,62,2
974,71,2
976,63,2
978,72,2
980,67,2
982,74,2
984,75,2
986,72,3
989,67,1
990,65,1
991,67,1
992,69,1
993,67,1
994,69,1
995,70,1
996,69,1
997,70,1
998,72,1
999,69,1
1000,70,1
1001,69,1
1002,70,1
1003,72,1
1004,74,1
1005,72,1
1006,74,1
1007,76,1
1008,78,1
1009,76,1
1010,78,1
1011,79,1
1012,78,1
1013,79,1
1014,81,1
1015,78,1
1016,79,1
1017,72,1
1018,70,1
1019,69,1
1020,70,1
1021,74,1
1022,79,4
1026,69,2
1028,79,6
1034,69,2
1036,62,2
1038,77,4
1042,65,2
1044,75,6
1050,65,2
1052,58,2
1054,74,2
1056,64,1
1057,65,1
1058,67,1
1059,70,1
1060,73,1
1061,82,1
1062,81,1
1063,79,1
1064,65,1
1065,67,1
1066,69,1
1067,73,1
1068,74,1
1069,81,1
1070,79,1
1071,77,1
1072,67,1
1073,69,1
1074,73,1
1075,74,1
1076,76,1
1077,79,1
1078,77,1
1079,76,1
1080,69,1
1081,73,1
1082,74,1
1083,76,1
1084,77,2
1086,74,4
1090,79,1
1091,81,1
1092,82,2
1094,67,3
1097,65,1
1098,64,1
1099,62,1
1100,60,2
1102,72,4
1106,77,1
1107,79,1
1108,81,2
1110,65,3
1113,63,1
1114,62,1
1115,60,1
1116,58,2
1118,70,3
1121,72,1
1122,70,1
1123,69,1
1124,67,1
1125,65,1
1126,64,1
1127,62,1
1128,60,1
1129,74,1
1130,72,1
1131,70,1
1132,69,1
1133,67,1
1134,66,1
1135,64,1
1136,62,2
1138,74,2
1140,75,2
1142,70,2
1144,72,2
1146,75,2
1148,77,2
1150,72,2
1152,74,1
1153,77,1
1154,79,1
1155,81,1
1156,82,1
1157,84,1
1158,86,1
1159,82,1
1160,76,1
1161,82,1
1162,86,3
1165,82,1
1166,79,1
1167,76,1
1168,85,1
1169,76,1
1170,77,1
1171,79,1
1172,81,1
1173,82,1
1174,84,1
1175,81,1
1176,74,1
1177,81,1
1178,84,3
1181,81,1
1182,78,1
1183,74,1
1184,82,2
1186,79,2
1188,74,2
1190,86,4
1194,81,1
1195,77,1
1196,74,6
1202,70,2
1204,67,2
1206,79,4
1210,76,1
1211,73,1
1212,69,1
1213,67,1
1214,65,1
1215,64,1
1216,65,2
1218,81,2
1220,64,2
1222,79,2
1224,62,1
1225,79,1
1226,77,1
1227,76,1
1228,74,1
1229,72,1
1230,70,1
1231,69,1
1232,70,2
1234,86,2
1236,69,2
1238,84,2
1240,67,1
1241,84,1
1242,82,1
1243,81,1
1244,79,1
1245,77,1
1246,76,1
1247,74,1
1248,76,1
1249,82,1
1250,81,1
1251,79,1
1252,81,1
1253,76,1
1254,74,1
1255,73,1
1256,74,1
1257,81,1
1258,79,1
1259,77,1
1260,79,1
1261,74,1
1262,73,1
1263,71,1
1264,73,1
1265,79,1
1266,77,1
1267,76,1
1268,77,1
1269,76,1
1270,74,1
1271,77,1
1272,76,1
1273,74,1
1274,73,1
1275,71,1
1276,69,5
1281,65,1
1282,62,1
1283,65,1
1284,67,1
1285,64,1
1286,61,1
1287,64,1
1288,65,2
1290,62,2
1292,74,5
1297,70,1
1298,67,1
1299,70,1
1300,72,1
1301,69,1
1302,66,1
1303,69,1
1304,70,2
1306,67,2
1308,82,5
1313,67,1
1314,65,1
1315,64,1
1316,65,2
1318,81,3
1321,65,1
1322,64,1
1323,62,1
1324,64,2
1326,79,3
1329,64,1
1330,62,1
1331,61,1
1332,62,2
1334,74,3
1337,77,1
1338,76,1
1339,74,1
1340,76,1
1341,79,1
1342,77,1
1343,76,1
1344,77,1
1345,79,1
1346,77,1
1347,76,1
1348,74,2
1350,86,2
1352,85,2
1354,81,2
1356,76,2
1358,79,2
1360,78,2
1362,74,2
1364,84,6
1370,83,1
1371,81,1
1372,83,2
1374,79,2
1376,76,2
1378,79,2
1380,82,2
1382,74,2
1384,73,2
1386,81,2
1388,74,2
1390,79,2
1392,77,4
1396,76,4
1400,74,8
